o	G1	G2	G3	G4	G5	G6	G7	G8	G9	G10	G11	G12	G13	G14	G15	G16	G17	G18	G19	G20	G21	G22	G23	G24	G25	G26	G27
C1	0	0	0	1	0	0	0	0	1	1	1	0	1	1	0	1	1	1	0	0	1	1	0	0	1	0	1
C2	1	1	0	1	0	0	0	0	1	1	1	0	1	1	0	1	1	1	1	0	1	0	0	0	1	0	1
C3	0	1	0	1	0	0	0	0	1	1	1	0	1	1	0	1	1	1	0	0	0	1	0	0	1	0	1
C4	1	0	0	0	0	0	0	0	1	1	1	0	1	1	0	1	1	1	1	1	0	1	0	0	1	0	1
C5	0	1	0	1	0	0	0	1	1	1	1	0	0	1	0	1	1	0	1	0	1	1	0	0	1	0	1
C6	0	0	0	0	0	0	0	0	1	1	1	0	1	1	0	1	1	1	1	1	0	0	0	0	1	0	1
C7	0	0	0	1	0	0	0	0	1	1	1	0	0	1	0	1	1	1	1	0	1	1	0	0	1	0	1
C8	0	1	0	1	0	0	0	0	1	1	1	0	1	1	0	0	1	1	0	1	1	1	0	0	1	0	0
C9	0	1	0	1	0	0	0	1	1	1	1	0	0	1	0	1	1	1	1	1	0	1	0	0	1	0	1
C10	0	1	0	1	0	0	0	0	1	1	1	0	1	1	0	1	1	1	1	0	0	1	0	0	1	0	1
C11	0	1	0	1	0	0	0	0	1	1	1	0	0	1	0	1	1	1	1	0	1	1	0	1	1	0	1
C12	0	0	0	1	0	0	0	1	1	1	1	0	1	1	0	1	1	1	1	0	1	1	0	0	1	0	1
C13	0	0	0	1	0	0	0	0	1	1	1	0	0	1	0	1	1	1	1	0	1	1	0	1	1	0	1
C14	0	1	0	1	0	0	0	0	1	1	1	0	1	1	0	1	1	1	1	0	0	1	0	0	1	0	0
C15	0	0	0	0	0	0	0	0	1	1	1	0	0	1	0	1	1	1	0	0	0	1	0	0	1	0	1
C16	0	1	0	1	0	0	0	0	1	1	1	0	0	1	0	1	1	1	1	0	1	1	0	0	1	0	0
C17	0	1	0	1	0	0	0	0	1	1	1	0	0	1	0	1	1	1	1	1	0	1	0	0	1	0	0
C18	0	0	0	1	0	0	0	1	1	1	1	0	1	1	0	1	1	1	1	0	1	1	0	0	1	0	1
C19	0	0	0	1	0	0	0	0	1	1	1	0	0	1	0	1	1	1	1	0	1	0	0	0	1	0	0
