o	G1	G2	G3	G4	G5	G6	G7	G8	G9	G10	G11	G12	G13	G14	G15	G16	G17	G18	G19	G20	G21	G22	G23	G24	G25	G26	G27	G28	G29	G30	G31	G32	G33	G34	G35	G36	G37	G38	G39	G40	G41	G42	G43	G44	G45	G46	G47	G48	G49	G50	G51	G52	G53	G54	G55	G56	G57	G58	G59	G60	G61	G62	G63	G64	G65	G66	G67	G68	G69	G70	G71	G72	G73	G74	G75
C1	1	1	1	1	0	1	0	0	0	0	0	1	0	0	1	1	1	1	1	1	1	1	1	0	1	0	0	1	0	1	1	1	1	1	0	0	1	1	0	1	0	1	1	0	1	1	0	1	1	1	0	0	1	1	1	0	1	1	1	0	1	1	1	1	0	1	0	0	1	1	1	1	0	1	1
C2	0	0	0	0	1	0	1	1	1	1	1	0	1	1	0	0	0	0	0	0	0	0	0	1	0	1	1	0	1	0	0	0	0	0	1	1	0	0	1	0	1	0	0	1	0	0	1	0	0	0	1	1	0	0	0	1	0	0	0	1	0	0	0	0	1	0	1	1	0	0	0	0	1	0	0
C3	1	1	1	1	0	1	0	0	0	0	0	1	0	0	1	1	1	1	1	1	1	1	1	0	1	0	0	1	0	1	1	1	1	1	0	0	1	1	0	1	0	1	1	0	1	1	0	1	1	1	0	0	1	1	1	0	1	1	1	0	1	1	1	1	0	1	0	0	1	1	1	1	0	1	1
C4	1	1	1	1	0	1	0	0	0	0	0	1	0	0	1	1	1	1	1	1	1	1	1	0	1	0	0	1	0	1	1	1	1	1	0	0	1	1	0	1	0	1	1	0	1	1	0	1	1	1	0	0	1	1	1	0	1	1	1	0	1	1	1	1	0	1	0	0	1	1	1	1	0	1	1
C5	1	1	1	1	0	1	0	0	0	0	0	1	0	0	1	1	1	1	1	1	1	1	1	0	1	0	0	1	0	1	1	1	1	1	0	0	1	1	0	1	0	1	1	0	1	1	0	1	1	1	0	0	1	1	1	0	1	1	1	0	1	1	1	1	0	1	0	0	1	1	1	1	0	1	1
C6	1	1	1	1	0	1	0	0	0	0	0	1	0	0	1	1	1	1	1	1	1	1	1	0	1	0	0	1	0	1	1	1	1	1	0	0	1	1	0	1	0	1	1	0	1	1	0	1	1	1	0	0	1	1	1	0	1	1	1	0	1	1	1	1	0	1	0	0	1	1	1	1	0	1	1
C7	1	1	1	1	0	1	0	0	0	0	0	1	0	0	1	1	1	1	1	1	1	1	1	0	1	0	0	1	0	1	1	1	1	1	0	0	1	1	0	1	0	1	1	0	1	1	0	1	1	1	0	0	1	1	1	0	1	1	1	0	1	1	1	1	0	1	0	0	1	1	1	1	0	1	1
C8	1	1	1	1	0	1	0	0	0	0	0	1	0	0	1	1	1	1	1	1	1	1	1	0	1	0	0	1	0	1	1	1	1	1	0	0	1	1	0	1	0	1	1	0	1	1	0	1	1	1	0	0	1	1	1	0	1	1	1	0	1	1	1	1	0	1	0	0	1	1	1	1	0	1	1
C9	1	1	1	1	0	1	0	0	0	0	0	1	0	0	1	1	1	1	1	1	1	1	1	0	1	0	0	1	0	1	1	1	1	1	0	0	1	1	0	1	0	1	1	0	1	1	0	1	1	1	0	0	1	1	1	0	1	1	1	0	1	1	1	1	0	1	0	0	1	1	1	1	0	1	1
C10	1	1	1	1	0	1	0	0	0	0	0	1	0	0	1	1	1	1	1	1	1	1	1	0	1	0	0	1	0	1	1	1	1	1	0	0	1	1	0	1	0	1	1	0	1	1	0	1	1	1	0	0	1	1	1	0	1	1	1	0	1	1	1	1	0	1	0	0	1	1	1	1	0	1	1
C11	1	1	1	1	0	1	0	0	0	0	0	1	0	0	1	1	1	1	1	1	1	1	1	0	1	0	0	1	0	1	1	1	1	1	0	0	1	1	0	1	0	1	1	0	1	1	0	1	1	1	0	0	1	1	1	0	1	1	1	0	1	1	1	1	0	1	0	0	1	1	1	1	0	1	1
C12	1	1	1	1	0	1	0	0	0	0	0	1	0	0	1	1	1	1	1	1	1	1	1	0	1	0	0	1	0	1	1	1	1	1	0	0	1	1	0	1	0	1	1	0	1	1	0	1	1	1	0	0	1	1	1	0	1	1	1	0	1	1	1	1	0	1	0	0	1	1	1	1	0	1	1
C13	1	1	1	1	0	1	0	0	0	0	0	1	0	0	1	1	1	1	1	1	1	1	1	0	1	0	0	1	0	1	1	1	1	1	0	0	1	1	0	1	0	1	1	0	1	1	0	1	1	1	0	0	1	1	1	0	1	1	1	0	1	1	1	1	0	1	0	0	1	1	1	1	0	1	1
C14	1	1	1	1	0	1	0	0	0	0	0	1	0	0	1	1	1	1	1	1	1	1	1	0	1	0	0	1	0	1	1	1	1	1	0	0	1	1	0	1	0	1	1	0	1	1	0	1	1	1	0	0	1	1	1	0	1	1	1	0	1	1	1	1	0	1	0	0	1	1	1	1	0	1	1
C15	1	1	1	1	0	1	0	0	0	0	0	1	0	0	1	1	1	1	1	1	1	1	1	0	1	0	0	1	0	1	1	1	1	1	0	0	1	1	0	1	0	1	1	0	1	1	0	1	1	1	0	0	1	1	1	0	1	1	1	0	1	1	1	1	0	1	0	0	1	1	1	1	0	1	1
C16	1	1	1	1	0	1	0	0	0	0	0	1	0	0	1	1	1	1	1	1	1	1	1	0	1	0	0	1	0	1	1	1	1	1	0	0	1	1	0	1	0	1	1	0	1	1	0	1	1	1	0	0	1	1	1	0	1	1	1	0	1	1	1	1	0	1	0	0	1	1	1	1	0	1	1
C17	1	1	1	1	0	1	0	0	0	0	0	1	0	0	1	1	1	1	1	1	1	1	1	0	1	0	0	1	0	1	1	1	1	1	0	0	1	1	0	1	0	1	1	0	1	1	0	1	1	1	0	0	1	1	1	0	1	1	1	0	1	1	1	1	0	1	0	0	1	1	1	1	0	1	1
C18	1	1	1	1	0	1	0	0	0	0	0	1	0	0	1	1	1	1	1	1	1	1	1	0	1	0	0	1	0	1	1	1	1	1	0	0	1	1	0	1	0	1	1	0	1	1	0	1	1	1	0	0	1	1	1	0	1	1	1	0	1	1	1	1	0	1	0	0	1	1	1	1	0	1	1
C19	1	1	1	1	0	1	0	0	0	0	0	1	0	0	1	1	1	1	1	1	1	1	1	0	1	0	0	1	0	1	1	1	1	1	0	0	1	1	0	1	0	1	1	0	1	1	0	1	1	1	0	0	1	1	1	0	1	1	1	0	1	1	1	1	0	1	0	0	1	1	1	1	0	1	1
