o	G1	G2	G3	G4	G5	G6	G7	G8	G9	G10	G11	G12	G13	G14	G15	G16	G17	G18	G19	G20	G21	G22	G23	G24	G25	G26	G27	G28	G29	G30	G31	G32	G33	G34	G35	G36	G37	G38	G39	G40	G41	G42	G43	G44	G45	G46	G47	G48	G49	G50	G51	G52	G53	G54	G55	G56	G57	G58	G59	G60
C1	1	0	0	1	1	0	1	1	1	0	1	0	1	1	0	0	0	1	1	0	1	1	0	0	1	0	0	1	0	0	0	0	0	0	0	0	0	1	0	1	0	0	0	1	0	0	0	1	0	1	0	0	0	1	0	0	0	1	0	1
C2	0	0	0	0	0	0	0	0	0	0	0	0	0	0	0	0	1	0	0	0	0	0	0	0	0	0	0	0	0	1	0	0	0	1	0	0	0	0	0	0	0	0	0	0	0	0	0	0	0	0	0	0	0	0	1	0	1	0	0	0
C3	0	1	1	0	0	1	0	0	0	1	0	1	0	0	1	1	0	0	0	1	0	0	1	1	0	1	1	0	1	0	1	1	1	0	1	1	1	0	1	0	1	1	1	0	1	1	1	0	1	0	1	1	1	0	0	1	0	0	1	0
C4	0	1	1	0	0	1	0	0	0	1	0	1	0	0	1	1	0	0	0	1	0	0	1	1	0	1	1	0	1	0	1	1	1	0	1	1	1	0	1	0	1	1	1	0	1	1	1	0	1	0	1	1	1	0	0	1	0	0	1	0
C5	0	1	1	0	0	1	0	0	0	1	0	1	0	0	1	1	0	0	0	1	0	0	1	1	0	1	1	0	1	0	1	1	1	0	1	1	1	0	1	0	1	1	1	0	1	1	1	0	1	0	1	1	1	0	0	1	0	0	1	0
C6	0	1	1	0	0	1	0	0	0	1	0	1	0	0	1	1	0	0	0	1	0	0	1	1	0	1	1	0	1	0	1	1	1	0	1	1	1	0	1	0	1	1	1	0	1	1	1	0	1	0	1	1	1	0	0	1	0	0	1	0
C7	0	1	1	0	0	1	0	0	0	1	0	1	0	0	1	1	0	0	0	1	0	0	1	1	0	1	1	0	1	0	1	1	1	0	1	1	1	0	1	0	1	1	1	0	1	1	1	0	1	0	1	1	1	0	0	1	0	0	1	0
C8	0	1	1	0	0	1	0	0	0	1	0	1	0	0	1	1	0	0	0	1	0	0	1	1	0	1	1	0	1	0	1	1	1	0	1	1	1	0	1	0	1	1	1	0	1	1	1	0	1	0	1	1	1	0	0	1	0	0	1	0
C9	0	1	1	0	0	1	0	0	0	1	0	1	0	0	1	1	0	0	0	1	0	0	1	1	0	1	1	0	1	0	1	1	1	0	1	1	1	0	1	0	1	1	1	0	1	1	1	0	1	0	1	1	1	0	0	1	0	0	1	0
C10	0	1	1	0	0	1	0	0	0	1	0	1	0	0	1	1	0	0	0	1	0	0	1	1	0	1	1	0	1	0	1	1	1	0	1	1	1	0	1	0	1	1	1	0	1	1	1	0	1	0	1	1	1	0	0	1	0	0	1	0
C11	0	1	1	0	0	1	0	0	0	1	0	1	0	0	1	1	0	0	0	1	0	0	1	1	0	1	1	0	1	0	1	1	1	0	1	1	1	0	1	0	1	1	1	0	1	1	1	0	1	0	1	1	1	0	0	1	0	0	1	0
C12	0	1	1	0	0	1	0	0	0	1	0	1	0	0	1	1	0	0	0	1	0	0	1	1	0	1	1	0	1	0	1	1	1	0	1	1	1	0	1	0	1	1	1	0	1	1	1	0	1	0	1	1	1	0	0	1	0	0	1	0
C13	0	1	1	0	0	1	0	0	0	1	0	1	0	0	1	1	0	0	0	1	0	0	1	1	0	1	1	0	1	0	1	1	1	0	1	1	1	0	1	0	1	1	1	0	1	1	1	0	1	0	1	1	1	0	0	1	0	0	1	0
C14	0	1	1	0	0	1	0	0	0	1	0	1	0	0	1	1	0	0	0	1	0	0	1	1	0	1	1	0	1	0	1	1	1	0	1	1	1	0	1	0	1	1	1	0	1	1	1	0	1	0	1	1	1	0	0	1	0	0	1	0
C15	0	1	1	0	0	1	0	0	0	1	0	1	0	0	1	1	0	0	0	1	0	0	1	1	0	1	1	0	1	0	1	1	1	0	1	1	1	0	1	0	1	1	1	0	1	1	1	0	1	0	1	1	1	0	0	1	0	0	1	0
C16	0	1	1	0	0	1	0	0	0	1	0	1	0	0	1	1	0	0	0	1	0	0	1	1	0	1	1	0	1	0	1	1	1	0	1	1	1	0	1	0	1	1	1	0	1	1	1	0	1	0	1	1	1	0	0	1	0	0	1	0
C17	0	1	1	0	0	1	0	0	0	1	0	1	0	0	1	1	0	0	0	1	0	0	1	1	0	1	1	0	1	0	1	1	1	0	1	1	1	0	1	0	1	1	1	0	1	1	1	0	1	0	1	1	1	0	0	1	0	0	1	0
C18	0	1	1	0	0	1	0	0	0	1	0	1	0	0	1	1	0	0	0	1	0	0	1	1	0	1	1	0	1	0	1	1	1	0	1	1	1	0	1	0	1	1	1	0	1	1	1	0	1	0	1	1	1	0	0	1	0	0	1	0
C19	0	1	1	0	0	1	0	0	0	1	0	1	0	0	1	1	0	0	0	1	0	0	1	1	0	1	1	0	1	0	1	1	1	0	1	1	1	0	1	0	1	1	1	0	1	1	1	0	1	0	1	1	1	0	0	1	0	0	1	0
