o	G1	G2	G3	G4	G5	G6	G7	G8	G9	G10	G11	G12	G13	G14	G15	G16	G17	G18
C1	0	1	0	1	1	1	0	1	1	1	1	1	0	1	1	0	1	0
C2	0	1	0	1	1	1	0	1	1	1	1	1	0	1	1	0	1	0
C3	0	1	0	1	1	1	0	1	1	1	1	1	0	1	1	0	1	0
C4	1	0	1	0	0	0	1	0	0	0	0	0	1	0	0	1	0	1
C5	0	1	0	1	1	1	0	1	1	1	1	1	0	1	1	0	1	0
C6	0	1	0	1	1	1	0	1	1	1	1	1	0	1	1	0	1	0
C7	0	1	0	1	1	1	0	1	1	1	1	1	0	1	1	0	1	0
C8	0	1	0	1	1	1	0	1	1	1	1	1	0	1	1	0	1	0
C9	0	1	0	1	1	1	0	1	1	1	1	1	0	1	1	0	1	0
C10	0	1	0	1	1	1	0	1	1	1	1	1	0	1	1	0	1	0
C11	0	1	0	1	1	1	0	1	1	1	1	1	0	1	1	0	1	0
C12	0	1	0	1	1	1	0	1	1	1	1	1	0	1	1	0	1	0
C13	0	1	0	1	1	1	0	1	1	1	1	1	0	1	1	0	1	0
C14	0	1	0	1	1	1	0	1	1	1	1	1	0	1	1	0	1	0
C15	0	1	0	1	1	1	0	1	1	1	1	1	0	1	1	0	1	0
C16	0	1	0	1	1	1	0	1	1	1	1	1	0	1	1	0	1	0
C17	0	1	0	1	1	1	0	1	1	1	1	1	0	1	1	0	1	0
C18	0	1	0	1	1	1	0	1	1	1	1	1	0	1	1	0	1	0
C19	0	1	0	1	1	1	0	1	1	1	1	1	0	1	1	0	1	0
